   2.0000000e+00  -1.1202999e+00   1.2883531e+00   2.0455046e+00  -2.5527535e+00   1.1626893e+00  -4.4718987e-01  -1.7945969e+00   4.6665005e-01   1.2542772e+00  -9.8197779e-01
   2.0000000e+00  -6.3076534e-01  -3.3346308e-01  -8.5959666e-01   8.8770424e-01  -1.1223809e+00   8.9055044e-01  -1.8346914e+00  -7.1636837e-01   4.6943273e-01  -9.3782363e-01
   2.0000000e+00   3.9101677e-01  -1.3062470e+00   7.1206202e-01  -1.0927479e+00  -1.4814235e+00   7.8268154e-02   1.1692485e+00  -2.8843899e-01   1.1903251e+00  -1.8469972e+00
   1.0000000e+00  -2.2665446e-01   3.2989956e-01  -6.0006078e-01  -2.1106674e-01  -5.0214937e-01  -8.1623244e-01   6.6585057e-01  -1.2134411e+00  -3.8247310e-01   4.3312979e-01
   1.0000000e+00   7.7306776e-01   1.3867917e+00  -5.5594207e-01  -5.0514521e-01  -1.0961329e+00  -9.3990310e-02   3.7336585e-01   3.9524629e-01   9.3078314e-01   3.2903275e-01
   2.0000000e+00  -1.1665596e+00  -8.4985854e-01   5.8952272e-01   3.7456561e-01   1.8450555e+00   2.2556572e-01   1.1624452e+00  -1.0186696e+00   3.6462942e-01   1.8778035e+00
   2.0000000e+00  -2.4903633e+00   2.5616314e-01  -1.4153042e-01  -3.3641278e-02   3.9310062e-01  -5.1953242e-01  -1.3229999e+00   1.2675215e+00   2.1117024e+00  -1.1715215e-01
   2.0000000e+00   4.1371365e-02   3.5360121e-01  -4.5444608e-01  -1.2996393e+00   8.7768924e-03   1.4949847e+00   6.4622418e-02   1.7959272e+00   1.7275989e+00   5.7260386e-01
   1.0000000e+00   9.9013691e-01   2.2426237e-01  -7.2422182e-02  -1.8559950e+00  -9.5813225e-01   6.2742544e-01   7.7619662e-01  -3.7061037e-01  -3.3236954e-01   4.0719719e-01
   1.0000000e+00   2.0352611e-02  -4.2532869e-01   1.8543831e+00  -5.7319132e-01   1.3260683e+00   6.6348398e-01  -9.0507616e-01   4.3777432e-01  -8.1662859e-01   6.2751837e-02
   2.0000000e+00  -5.9391777e-01   1.4104367e+00   8.1759561e-01  -7.2039740e-01   9.5849938e-01   2.3091896e+00   2.3083259e-01   2.4646342e-02   5.9685692e-02   5.2903379e-01
   2.0000000e+00   7.8030514e-01  -5.5794287e-02   1.1721756e+00   9.5904564e-01   9.5276124e-01   5.2467180e-01   3.4437186e-01  -1.0264818e+00  -1.7584714e+00   1.9763931e+00
   1.0000000e+00  -6.6041453e-01  -1.1181003e+00   3.9760129e-02   1.8862096e-01   2.1111920e+00   1.5873614e-01   9.5604167e-01   1.2715045e+00   1.6695657e-01   4.2618943e-01
   2.0000000e+00  -7.5998618e-01   3.0945070e-01   7.2783371e-01   1.0336821e+00   1.1173674e+00   2.2079723e-01  -6.5340977e-02  -1.6053704e+00   5.7972720e-01   1.1955678e+00
   2.0000000e+00   8.0895574e-02  -2.6313768e-02  -2.1649737e+00   7.5525893e-01  -5.0919209e-01   7.2435264e-01  -7.5008761e-01   2.2104823e-01   5.1515470e-02  -2.4369806e+00
   2.0000000e+00   1.1950080e+00   7.3659343e-01   9.2560394e-01  -1.7389193e+00   1.0480146e+00   1.3519098e+00   1.7355036e+00   1.0168941e+00   1.0463057e+00  -3.6423037e-01
   2.0000000e+00   1.9938933e+00   1.2347546e+00   6.8941817e-01   6.2462349e-01  -2.9191494e-01   2.5455828e-01  -1.1754596e+00  -1.0534474e-01   4.5753900e-02  -7.4740826e-01
   2.0000000e+00  -3.7595199e-01  -2.4632326e+00   8.1369216e-01   1.0210038e+00   2.3663252e+00  -1.8876715e+00   7.2216703e-01  -1.3721655e+00  -4.5575007e-01  -1.0681783e+00
   2.0000000e+00  -1.5366600e+00   1.7234726e+00  -1.3978066e-01  -4.6900667e-01   1.7522423e-01  -2.5321615e-01   3.5208138e-01  -9.8305880e-01   5.7139615e-01  -1.3283931e-01
   2.0000000e+00  -2.1319791e-01   8.9778186e-01  -1.0780040e+00  -3.6468968e-01   1.0838132e+00   2.3729382e-01   1.2361601e+00   4.7041566e-01   1.8601886e+00  -4.9687535e-01
   2.0000000e+00   1.2711102e+00  -2.9376031e-01   1.0067308e+00   8.8706762e-01  -1.5962467e+00   7.0654399e-01   8.8269845e-01  -5.2124382e-01   3.9346509e-02  -6.1925515e-01
   2.0000000e+00  -2.9627983e-01  -1.2519747e-01   1.1594463e+00   4.8375192e-01  -3.1431322e-01  -1.3452896e+00   6.6448361e-01  -1.3025596e+00  -1.4594241e+00   1.9372413e-02
   2.0000000e+00   1.3919409e+00   1.4080305e+00   2.3571463e-01   1.6630756e+00   1.3225113e-01   1.7221207e+00  -6.8842757e-01  -1.1126607e-01   4.1171802e-01  -6.7030140e-02
   2.0000000e+00  -1.4916304e+00  -1.0376846e+00   1.7453607e+00   2.8127676e-01  -7.1714787e-01   1.4689958e+00   3.2984983e-01   1.1312549e+00   2.1870582e-01   8.9479393e-01
   2.0000000e+00  -4.1734183e-01   1.8042480e+00  -2.4821236e+00   9.6611227e-01   1.6752782e+00   1.2068339e+00  -1.9868052e+00   6.2413610e-01   1.5452632e+00  -1.2383939e+00
   2.0000000e+00  -1.0408787e-01   1.1643286e+00  -5.2744697e-01  -6.0966024e-01   1.3524490e+00  -6.9609578e-01   4.1581208e-01  -6.0053545e-01  -1.5511105e-01   9.2102113e-01
   2.0000000e+00   5.1186649e-01   1.1651726e+00  -2.1393116e-01  -1.9523838e+00  -6.7679147e-01  -2.0486506e+00   1.0569803e+00  -2.0893540e+00  -1.2307495e+00   4.4174741e-01
   1.0000000e+00  -5.7962092e-01   5.3437472e-02   1.1871633e-01  -7.0316485e-01   2.4575278e-01   7.3007655e-01  -7.8759876e-01  -2.6978904e+00   7.4863127e-01   1.0403069e-01
   2.0000000e+00  -1.1794534e+00   2.1897221e+00  -6.0261500e-01  -2.2398795e-01   2.7844872e-01  -1.6589153e+00   6.3704110e-02  -5.4826499e-01   6.9211683e-02  -1.2940733e+00
   2.0000000e+00  -9.9262776e-01   1.8942727e+00   8.3482562e-01  -3.3101704e-01  -1.6559788e+00   1.8173883e+00   1.0048489e+00  -7.4860035e-01   1.2253935e+00   3.0386703e-01
   2.0000000e+00  -8.6211259e-01  -5.7380647e-02   2.5249148e-01  -1.6894093e+00  -8.3553593e-01   4.7921627e-01   1.0082571e+00  -4.8029097e-01  -1.6260449e+00  -3.8165003e-01
   2.0000000e+00  -2.0390181e-01   1.0051855e+00  -6.5742639e-01   4.8170736e-01   2.8212598e-01   1.4254395e+00   1.6371378e-01   2.3375991e+00  -7.5030078e-01  -1.0590130e+00
   1.0000000e+00  -2.7723111e-01  -1.4753349e+00   1.1296666e+00   3.0904158e-01  -2.6515462e-01  -1.4587254e-01   4.3707097e-01   2.5079764e-01   1.1847440e+00   5.2959177e-01
   2.0000000e+00   1.7373402e-01   1.5357147e+00  -8.1485941e-01  -3.4856394e-01   1.2223697e+00   6.5818286e-02  -1.0076722e+00  -1.1529042e+00  -6.2162544e-01  -2.4143408e+00
   2.0000000e+00  -5.3551951e-01  -6.6989378e-01  -5.3998378e-01  -1.5911806e+00   1.1241679e-01  -1.3059518e-01   1.0057603e-01  -6.8483451e-01  -1.3099658e+00  -7.5307958e-01
   2.0000000e+00   1.7798749e+00   6.7049528e-01   5.7052640e-01  -8.7102757e-01  -6.9330098e-01   1.1067230e+00   5.3520740e-01  -4.8192320e-01   8.2663776e-01  -2.0997353e+00
   1.0000000e+00  -5.2899959e-01   2.8843178e-01  -3.7638223e-01  -1.6354920e+00  -3.2506894e-01  -5.0511414e-01   5.9673234e-01   2.4552483e+00  -8.9115185e-01   7.9260953e-02
   2.0000000e+00   1.6362031e+00   2.1289115e+00   1.0670390e+00   3.2163101e-01   1.7951246e+00   1.1897260e+00   1.6962388e-01  -2.3337268e-01  -3.9376415e-01   1.8083205e-01
   2.0000000e+00   7.7235071e-01   1.1680291e+00   3.5757406e-01   7.2423047e-02  -3.8862831e-02   7.6069040e-01   1.2268885e+00  -1.1531736e+00   3.8799071e-01   7.6688426e-01
   2.0000000e+00  -1.2248146e+00   1.6678307e+00  -1.7013697e+00   8.4117183e-01   1.9753499e+00  -1.0227627e+00  -3.5118338e-01  -6.9496346e-01   2.5261244e-01  -5.9517961e-01
   2.0000000e+00  -1.5333578e+00  -1.9462650e+00  -5.6712851e-01  -4.9398766e-01   1.8650837e-01   1.6349743e+00  -6.2242868e-02   5.3943344e-01   9.2035218e-01   5.3152666e-01
   2.0000000e+00   6.8588661e-01  -8.5994834e-01  -4.4756899e-01  -1.6800848e-01   1.5083676e-01   1.2659795e+00  -9.7860947e-01  -6.2690332e-01   1.2830890e+00   9.1560135e-01
   2.0000000e+00  -1.4667932e-01  -9.3756521e-01  -1.0547034e+00   5.2640640e-01  -6.0763155e-01   9.8962603e-01  -2.5503694e-02   7.2877381e-01   1.0816602e+00   1.0834578e+00
   2.0000000e+00   1.0877309e+00  -5.2069131e-01  -7.4618247e-01   1.1858546e+00   1.3574733e-01   5.7160103e-01   5.7085717e-01   2.1112413e-01   2.2190988e+00   1.6391161e+00
   2.0000000e+00  -6.5517642e-01   1.0559885e+00   1.2274984e+00   7.1133961e-01   3.4882916e-01   1.6500463e+00  -7.6706110e-01  -6.1975640e-01   1.8178408e+00  -1.2766455e+00
   2.0000000e+00  -3.3388682e-01   7.1429837e-01  -4.2306215e-01   8.7475250e-01  -8.3233087e-01   2.4687120e+00  -1.1207461e+00   9.8755526e-01  -2.2830402e-01  -6.4493482e-01
   1.0000000e+00   1.9766932e-01   1.3315889e+00   7.2194994e-01   9.5824688e-01  -1.0095720e+00   4.7470052e-01   4.7419521e-01   5.7382150e-01   9.0494329e-01   8.7516018e-01
   1.0000000e+00   6.0809906e-01   2.5913533e+00  -2.4675712e-02  -1.9316030e-01  -1.2146920e+00   7.8139304e-02   6.9620214e-01   1.1249291e-01   1.8620768e+00   5.4227393e-01
   2.0000000e+00   5.6608539e-01  -1.1883177e-01   1.5739451e-01   1.0212275e-01   1.1751809e-01  -5.0640683e-01   8.8963420e-01   2.3949798e+00  -1.7078536e+00  -4.4954827e-01
   2.0000000e+00  -8.8602348e-01   1.9360338e-01   6.1503210e-01   2.6083029e-01   1.9582447e+00   5.2174405e-01  -5.8634238e-01  -7.2935315e-01   9.3241474e-01  -1.5666776e-01
   2.0000000e+00  -2.1292301e-01   1.3679002e-01  -3.2949002e-01  -1.9043067e+00  -9.7421573e-01  -5.0316293e-01   8.4841660e-01  -1.1339576e-01  -4.7205701e-01   2.1888441e+00
   2.0000000e+00  -1.6856897e-01   1.8480756e+00  -5.6383619e-01  -4.0543921e-01   9.9003635e-01  -4.0366293e-02  -7.9268534e-01   7.4741793e-01   5.0044521e-01  -6.8654040e-01
   2.0000000e+00  -8.0694150e-01   3.5672539e-01  -6.6629979e-01   4.0785902e-01   1.9278157e+00  -1.0087130e+00   3.6916485e-01   1.1305165e+00   7.4551063e-01   6.6204976e-01
   2.0000000e+00  -2.7055017e-01   4.8282005e-01   2.3134578e+00   1.3441639e+00  -2.8285104e-01   2.8976992e+00   6.6472993e-01  -6.7897307e-02  -5.7129497e-01  -1.3366817e+00
   2.0000000e+00   1.2120697e+00   1.4927107e+00   7.3371174e-01  -1.6461305e+00   9.9586531e-01  -4.5800435e-01   4.6538644e-01   3.2525541e-01  -1.1952857e+00   1.7772507e+00
   2.0000000e+00  -5.8902947e-01  -8.9248129e-02  -9.6997941e-01  -5.3251371e-01  -3.5053031e-01   2.1278242e+00   4.4942575e-02   1.1583469e+00   1.5173503e-02  -2.0451726e-01
   2.0000000e+00   1.0864510e+00  -1.6342415e+00   2.0075795e+00  -1.4681465e-01  -5.9572172e-01  -3.7986280e-01  -6.1482397e-01  -5.2152931e-01  -6.7173511e-01  -6.0249895e-01
   1.0000000e+00  -2.1982114e+00  -8.2123061e-01  -4.9776349e-01  -5.9581146e-02  -1.1341633e+00  -9.3176359e-01   3.3084761e-01   7.8665769e-02   4.1329636e-01   2.8869878e-01
   2.0000000e+00   9.5316000e-01   7.7280917e-01   7.9470795e-01   2.0758459e-02  -8.3971021e-02  -2.1341452e+00  -2.4187014e+00  -7.8015598e-01   1.1389083e+00  -1.0017351e+00
   2.0000000e+00  -7.4747648e-01  -1.0759771e+00   3.4804398e-01  -3.6344834e-01  -1.3872071e+00   4.6964108e-01   4.7067569e-02  -1.8870112e+00  -9.2317343e-01  -2.6414942e-01
   1.0000000e+00  -8.7249909e-01   1.1326540e+00   4.3647750e-01   1.1366061e+00   3.9171380e-01   4.7238040e-01  -3.9687192e-01  -1.4197954e-01   5.8385620e-01   1.3952126e-01
   2.0000000e+00   4.8362151e-01  -1.1081118e+00  -1.0380051e+00  -1.0891645e-01   6.3229000e-01  -7.8193557e-01   4.1047126e-02   9.3925108e-01   4.1216298e-01  -1.2705518e+00
   2.0000000e+00  -3.0022782e+00  -1.1983873e+00   1.3769639e+00  -2.4155662e+00  -5.7205304e-01   2.0364687e+00  -1.0433427e+00  -2.0343743e+00   8.4775583e-01   2.4384257e+00
   2.0000000e+00   1.3433681e+00  -4.1535253e-02   6.5459206e-01   1.4174673e+00  -1.2834904e+00   1.0579384e+00   7.6262190e-01  -6.6098511e-02  -3.0352192e-01   9.2822932e-01
   2.0000000e+00  -1.6107039e+00   5.4004647e-01   5.6769308e-01  -1.1419780e-01  -7.0325454e-01   1.6689645e+00  -8.3853476e-01  -5.0411156e-01  -1.7242256e+00  -3.5958003e-01
   2.0000000e+00  -8.7610726e-01   3.0443153e-01   4.1160351e-01  -4.5923855e-01  -7.1488594e-01   1.3611785e+00   8.0433995e-02   1.4058323e+00   1.5121688e+00   5.7764256e-02
   2.0000000e+00  -3.3531406e-01  -9.3248876e-02   2.8805767e+00  -1.0214695e+00   3.7389113e-01  -3.2896804e-01  -8.6077631e-01   1.4344510e+00   7.2823924e-02  -2.8783464e-01
   2.0000000e+00   1.3060581e+00  -1.5135367e+00  -4.9170579e-01   4.9120014e-01   1.1369614e+00  -3.0108823e-01  -5.8975908e-01   6.9718618e-01   5.9804596e-01  -4.6446995e-01
   2.0000000e+00  -2.5439843e-01  -1.0240226e+00   1.3653058e+00   8.1931283e-01   2.3805085e-01   7.5545944e-01   1.9930796e+00  -1.4229607e+00   7.0511274e-02  -1.3366374e+00
   1.0000000e+00  -1.0426550e+00  -3.7237187e-01  -1.7297169e+00  -1.9727081e-01   6.7267643e-02   6.1770067e-01  -7.6433218e-01  -9.3405127e-01   1.4748893e-02   1.4637697e-01
   2.0000000e+00   4.9069669e-01  -6.7159856e-01   2.7541292e+00  -1.0604535e+00  -5.0627485e-01  -3.5800363e-01  -1.4435628e+00   1.0336549e+00  -5.5516126e-01   6.2844763e-01
   2.0000000e+00  -7.3121120e-01   7.6939066e-01   4.0508567e-01  -5.6312635e-01  -3.3045210e-01   5.1094817e-01  -3.0396240e-01  -3.0126517e-01  -5.6801388e-01   9.1626283e-01
   2.0000000e+00   2.8110342e+00  -9.3407638e-01   2.2127134e-01   3.6428248e-01  -1.1639869e+00   2.4496397e+00   4.9610311e-01  -1.0560246e+00  -7.1341668e-01  -1.5574761e+00
   2.0000000e+00   4.6601042e-01  -1.3859470e+00  -6.6145028e-01   4.1949565e-01   2.3986311e-01   9.5130663e-01   2.5937156e-01   4.0270826e-01   2.6531568e-01  -1.7251090e+00
   2.0000000e+00   1.7401352e+00  -9.6085931e-01  -1.2056571e+00   1.4227388e-01   1.1573006e+00  -2.3757542e+00  -3.4241324e-01  -2.1069080e+00  -1.7021896e+00   1.4528581e+00
   2.0000000e+00  -2.5363257e-01  -2.1912601e+00  -7.5187772e-01   2.7714513e-01  -4.8985787e-01   6.4689164e-01  -7.4783817e-01   4.4794821e-02   1.0676503e+00  -1.3646617e+00
   2.0000000e+00  -1.4850899e+00  -2.7105392e-01   2.2538423e-01  -2.9388670e-01  -7.6636639e-01  -6.1614257e-01  -4.6071969e-01   9.5519074e-01   1.8108083e+00  -1.2636862e+00
   2.0000000e+00  -1.1588377e-01   2.8936464e-02  -9.2212251e-01   1.1472912e+00  -1.4667834e+00  -2.1710791e+00  -2.0365225e-01   2.2414654e+00   6.3174984e-01   1.6691095e+00
   2.0000000e+00  -1.5747470e+00   9.4882711e-01   2.6971124e-01   1.9770029e-01   3.2473392e-01  -8.7460893e-01  -5.7912241e-01   8.1716988e-01  -1.1312422e+00   1.2935626e+00
   2.0000000e+00   2.4256037e+00   5.7781438e-01   5.7411355e-01   4.3929621e-02  -1.2645773e+00  -7.7761280e-01  -1.5286417e-01   1.2902892e-01  -6.8343672e-01  -8.7069652e-03
   2.0000000e+00  -1.3765999e+00  -1.3299575e+00   1.3600112e+00   1.2568263e+00   1.1492602e-01  -1.9492954e+00   7.8895686e-01   1.5083692e-01   3.8865592e-01  -8.2810682e-01
   1.0000000e+00  -1.7881021e+00  -1.2802253e+00  -8.5194897e-02  -4.3617523e-01   1.6656068e-01   4.4032314e-01  -7.5752391e-01   3.4929509e-01  -1.4197859e-01   1.3448254e-01
   2.0000000e+00  -4.9284835e-01   2.0505242e-01  -1.2690815e+00  -1.7294017e+00   7.6213346e-01   1.3472477e-01   6.1644693e-01   3.0840478e-01   5.8178310e-01  -4.3631274e-02
   2.0000000e+00  -3.2636533e+00   1.5370421e+00   1.0836404e+00  -7.0570259e-02   7.0279472e-01  -1.1408145e+00   2.3578062e-01   1.0592809e+00  -1.9450186e+00  -4.0257696e-03
   1.0000000e+00  -7.7447004e-01  -4.5288142e-01  -6.2477462e-01   9.6880053e-01   9.3834478e-01  -5.1336705e-01  -1.1470599e+00   8.8789764e-01  -5.2031019e-01   7.8697668e-01
   1.0000000e+00  -2.1546265e-01   3.0450273e-01   4.7770543e-02   1.0892264e+00  -2.0151918e+00  -1.7393764e-01   4.4670699e-01   9.4828631e-01   2.0217768e-01   6.2409101e-03
   1.0000000e+00   1.6261725e+00   7.7266890e-01   1.7044012e-01  -3.5934916e-01  -4.0821058e-01   1.3311350e-02  -6.9533279e-01   1.1126539e-01   2.1318820e-01   4.5518668e-01
   2.0000000e+00  -3.4533523e-01   6.2326628e-01  -5.9914154e-01  -8.4886388e-01   5.8269523e-01   1.1842435e+00   3.7735736e-02   8.3443682e-01   8.9811473e-01  -1.4913234e+00
   2.0000000e+00  -8.8231958e-01  -6.2204574e-02   1.3658501e-01   8.0079457e-02   5.4260608e-01   4.5420912e-01   7.5860311e-01  -2.6578512e+00  -4.1383860e-01   1.4726257e+00
   1.0000000e+00   1.0759422e+00   5.6563627e-01  -2.0210183e-01  -1.3397162e+00  -1.0125736e-01   8.7246794e-02  -2.8568390e-01   9.9431616e-02   1.4423403e+00   4.7172552e-01
   2.0000000e+00  -6.6462972e-01   4.0698322e-01   3.3166009e-01   4.6032539e-01   1.6022966e+00  -2.0554491e+00  -7.2262540e-01  -4.0885556e-01  -1.6706047e-01   2.5712650e-01
   2.0000000e+00  -9.5479751e-01  -1.4622285e+00   4.1625329e-01  -4.1191405e-01   1.0390910e+00  -1.0831924e-01   1.0815681e+00  -9.1162858e-02   4.7210028e-01  -1.8012397e+00
   2.0000000e+00   8.1985694e-01  -2.0333893e+00  -6.4553867e-01  -6.2947015e-01   5.1568791e-01   6.7717143e-01   2.9227373e-01  -5.9299859e-01  -6.6711320e-01   1.3764279e+00
   2.0000000e+00  -3.5212110e-01  -1.1404114e+00   7.0067407e-01   5.0514429e-01   2.7360259e-01  -1.4138213e+00  -9.5850361e-02  -9.1339228e-01   3.4749850e-02   1.7788710e+00
   2.0000000e+00  -8.4011684e-01   7.3313606e-01  -7.9580548e-01   8.2162759e-01   3.4314161e-01  -1.0074792e+00  -3.3364928e-01   2.5446852e-01   1.7064056e+00  -3.0321772e-01
   2.0000000e+00   1.7207702e-01   8.0890439e-01   3.2782195e-01   1.8900718e+00  -1.1268600e+00  -6.2578083e-01  -1.5229237e+00   1.0475415e+00  -1.9919701e+00  -5.3951925e-01
   2.0000000e+00   1.3993760e+00   3.6714119e-03   1.1034211e+00   2.0746754e+00   2.8935170e-01  -2.2813407e+00   6.5324519e-02  -1.2949223e+00   5.9016034e-01  -2.0234774e+00
   2.0000000e+00   6.1796012e-01   2.0236695e-01   8.6333570e-01   1.1421369e+00   1.0101009e+00  -1.6397804e+00  -7.0248981e-01  -1.2455950e+00   6.9187560e-01  -5.6073874e-01
   2.0000000e+00  -1.2390747e-01   8.1679412e-01  -1.7752388e-01   1.7018302e+00  -3.7007521e-02   1.1503132e+00  -8.1920139e-01   1.0596988e+00   9.8471461e-01  -1.4718039e+00
   2.0000000e+00   5.0521088e-02   1.3542397e+00   1.9097015e-01  -5.5491686e-01   3.1308829e-01  -1.1777942e+00   1.4059814e+00  -3.7768462e-01  -1.7494569e-01   7.8545569e-01
   2.0000000e+00   1.6089278e-02   8.9749385e-01   7.5182544e-01  -7.5249937e-02   7.3441153e-01  -1.5114019e+00  -8.6089535e-01  -1.0446286e-01   1.8995762e-01  -1.7151104e-01
   2.0000000e+00  -9.2668852e-01   2.5320716e-01  -1.2302413e+00  -1.5287178e+00  -1.6270956e-01  -4.4974409e-01   1.5793033e+00   5.8335959e-02   2.6438270e+00  -6.0438045e-01
   2.0000000e+00  -8.1131606e-01   1.5971466e-01  -4.4206592e-01   6.9520429e-01   7.1532501e-01  -2.6169333e-01  -9.2127288e-01  -2.6097147e-01  -2.7106915e-01  -1.3148158e+00
   2.0000000e+00   1.3313886e+00   2.0986045e-01  -7.1916097e-02  -1.3118186e+00   1.0799897e+00  -2.2410421e-01   1.1973624e+00   7.7921633e-01   6.3324968e-01   1.5219219e+00
   1.0000000e+00  -2.5154844e-01   1.9687875e-01   9.6055238e-01  -1.3381035e+00  -6.6993356e-01  -1.6786215e-01   1.2710050e+00  -5.5106270e-02  -1.1455385e+00   6.5135349e-01
   2.0000000e+00   3.9843825e-01  -7.9058429e-01  -7.9923123e-01   9.1653920e-01  -8.5228538e-03  -1.2125304e+00  -1.2419614e-01   4.5440091e-02  -1.6302344e+00   9.3802082e-01
   2.0000000e+00  -2.6181651e-01   3.0217290e-01  -7.7957229e-01   8.3224247e-01  -9.7702552e-01  -4.1454064e-02  -1.2793827e+00   1.1373923e+00  -2.0021899e-01   1.6782096e+00
   1.0000000e+00   1.0487657e+00  -1.9971860e+00  -2.5438861e-01   3.2659027e-01   6.4119523e-01  -3.5695869e-01   6.8586244e-01   3.9021353e-01   1.3326633e+00   5.1329355e-01
   2.0000000e+00  -3.6741520e-01   1.4987330e-01  -1.1639397e-01   1.0549797e+00   2.4333295e-01  -1.8287560e+00  -9.8483424e-01  -1.1772965e+00   2.3776077e-01  -1.1594828e+00
   1.0000000e+00   4.5704869e-01   1.2491099e-01  -1.2937477e+00   7.5440440e-01  -2.2627054e+00  -3.1303094e-01  -3.4095129e-01  -4.0225643e-01   1.1752102e+00   1.8689041e-01
   2.0000000e+00   2.4903426e+00  -1.9462561e-01  -2.6724274e+00   4.0967027e-02   1.1235134e-01  -1.4687581e-01   2.3212366e+00  -1.3854348e+00  -1.2117662e+00   1.1307335e+00
   2.0000000e+00  -3.3872657e-01  -5.0076068e-01  -1.2714364e+00  -2.3643921e-01   5.2782490e-01   2.7623414e-01   1.7554224e+00   7.1968114e-01  -3.7485400e-01  -9.9890873e-01
   1.0000000e+00  -9.5992821e-02   1.3318393e+00  -5.7925129e-02   9.1691335e-01  -2.9236782e-01   6.9288958e-01  -5.1199456e-01   6.7971683e-02  -6.0387250e-01   1.0628688e-01
   2.0000000e+00   2.8304080e-01   1.0554887e+00  -9.4297043e-01  -7.6941868e-01  -2.1888499e-01  -7.6461152e-01  -9.6264354e-02   1.1868259e+00  -1.2526833e+00   2.2887161e+00
   1.0000000e+00  -6.0462632e-01  -9.4324075e-01  -7.4732556e-01   6.6346775e-01  -1.9248893e-02   5.6089687e-01  -5.4915617e-01   1.4758611e+00   6.0446947e-01   1.2598589e-01
   1.0000000e+00   2.1872347e-01   1.0596441e+00   2.4950006e-01  -9.0334027e-01   6.0070072e-01  -2.8892801e-01  -4.4866766e-01   5.1067214e-01  -4.6122075e-01   3.5385453e-01
   1.0000000e+00  -8.1321464e-01   1.0400717e+00  -7.2397856e-01   1.5626313e+00  -7.0802007e-02  -9.0912263e-01  -9.6321204e-01   2.0101925e-03  -1.3693702e+00   3.6882292e-01
   2.0000000e+00   1.0130189e+00  -3.5766985e-01   1.8648456e-01   1.1127613e-01   9.6472778e-01  -2.3126590e+00  -1.1056947e+00   1.2604644e-01   2.0287982e+00   5.8815364e-01
   2.0000000e+00  -3.5044731e-01  -7.0908651e-01   1.3345803e+00   1.8857543e+00  -6.0901337e-01   2.7143867e+00   7.8155892e-01   2.0927520e-01  -1.1548549e-01  -4.2718129e-01
   2.0000000e+00   1.6863319e+00   7.7301220e-02  -5.1305078e-01   9.3173831e-01   6.7456896e-01   3.6136569e-01   1.1793537e+00   8.6502790e-01  -3.2682198e-01  -1.0442379e+00
   2.0000000e+00   6.8577854e-02  -3.9130474e-01   6.9268862e-01   5.5610079e-01   1.7879365e+00  -3.8718577e-01  -1.4358156e-01   8.9338562e-01   1.5435171e+00  -6.5526366e-02
   2.0000000e+00  -6.6010877e-01  -1.0804631e+00   1.8021294e+00  -5.9554235e-01   9.2313556e-01   1.4162824e+00  -4.6230628e-01  -4.9328319e-01  -1.6899669e-01   1.3342078e+00
   2.0000000e+00  -2.1483620e-01  -3.0168568e-01  -9.9224294e-01  -8.7927887e-01   1.3516363e+00  -9.6615513e-01   6.6207088e-01   3.6491381e-01   1.6254402e+00  -1.2162103e+00
   2.0000000e+00   1.4561053e-02  -4.2411303e-01   1.1258175e+00   6.7939939e-01   2.0079599e+00   1.3143996e+00   6.6044188e-01   3.4286044e-01  -1.3074254e+00   3.0791983e-01
   1.0000000e+00   7.1159128e-01  -1.8562284e-01   1.6440624e+00   1.7627590e+00   4.8699866e-01   6.5029011e-01   1.2116150e+00  -5.2584235e-01  -1.4432367e+00   3.8801409e-01
   2.0000000e+00  -9.0070240e-01   1.6358700e+00  -7.2744399e-01  -1.3637296e+00  -7.7500209e-01   1.5116655e+00  -1.9323218e-02   2.3350961e-01  -2.7612770e+00   4.4793331e-01
   2.0000000e+00   6.3319764e-01  -8.9843101e-01   9.2062872e-01  -1.9801487e-01   8.1280262e-02   5.8843847e-01  -9.5472449e-01  -3.8445324e-01   1.6154695e-01   9.9227549e-01
   2.0000000e+00  -4.4682372e-01   6.5131845e-01  -9.3743126e-01   1.3221702e+00   4.8790956e-03   7.5224435e-01  -1.5119282e+00  -1.0442322e+00   2.4975317e-01   7.4042343e-01
   1.0000000e+00  -1.1705215e+00  -9.6373026e-01  -5.9203628e-01  -4.5430028e-01  -3.9090306e-01   4.2261305e-01   1.3237471e+00  -7.2003091e-02  -9.3686708e-01   3.1050395e-01
   2.0000000e+00  -4.0877606e-01  -3.9445159e-01  -1.9875786e-01  -2.2526896e-01  -8.1751974e-01   7.3600249e-01  -7.2729616e-01   4.5133873e-01   5.4202927e-01   8.5956594e-01
   1.0000000e+00  -1.6819684e+00   9.5532813e-01   1.5278328e+00   1.2490248e+00  -1.5083428e+00  -7.3957488e-01  -1.5850671e-01   2.4611437e-01   6.1233154e-01   6.0544183e-01
   2.0000000e+00   4.3549641e-01   1.1043884e+00   4.4612080e-01   4.6128489e-01  -1.4731379e-02   4.7204647e-02   2.8528827e-01   4.9875028e-01   3.7533249e-02  -4.4508196e-01
   2.0000000e+00  -1.8916816e+00   9.7296221e-01   4.8638319e-01   6.9830651e-02   6.8271769e-01  -9.9374325e-02   2.4093637e+00   1.0367586e+00  -4.0093625e-01  -4.2967772e-01
   1.0000000e+00   1.8048288e+00  -1.6661731e+00  -6.0223870e-01  -2.4561046e+00  -5.6477757e-01  -7.2058631e-01   3.7271183e-01   2.1011259e-01   6.4542694e-01   4.6930498e-01
   2.0000000e+00   6.6095479e-01   8.9562693e-01  -1.4154475e+00  -1.5026031e-01  -1.0020064e+00  -4.6391421e-01  -3.0361587e-01  -2.9195858e-01   1.0048209e+00  -1.1892557e+00
   2.0000000e+00   6.6966164e-01  -7.5428135e-02   2.2118604e+00  -2.3124366e-01   1.2649353e+00  -7.0815862e-01   1.5047163e+00  -9.1578910e-01   6.4935339e-01   1.5103042e-01
   2.0000000e+00   3.7503665e-01   1.7951925e+00   9.3461323e-01   1.4604443e+00  -7.9430989e-01   2.1224426e+00  -4.2072138e-02   4.9971410e-01  -1.4377239e+00  -8.9124247e-01
   2.0000000e+00  -1.4832515e+00  -2.8187310e-01   1.7229249e+00   3.8407946e-01   1.3568353e+00  -4.5771832e-01   4.4837345e-01  -8.5701123e-02   5.3745711e-01  -1.0874571e+00
   1.0000000e+00  -3.7800728e-01   8.7624129e-01  -1.5518812e+00  -1.6180937e-02   8.6155685e-01  -2.5028044e-01   8.9780660e-01   1.2545910e-01   2.5427938e-01   4.5527437e-01
   2.0000000e+00  -6.5308749e-01   1.4788215e+00  -6.3973828e-01  -1.1800808e+00   2.1266714e+00  -4.1592192e-01   1.3693641e-01  -4.8654146e-01   1.1764884e+00   1.0445312e+00
   2.0000000e+00  -7.1573250e-01   9.1212734e-01   3.6279104e-01  -9.5003876e-01  -1.3258738e-01   6.3926816e-01   5.7551112e-01  -1.5576458e+00  -5.5821788e-01   7.8943721e-01
   2.0000000e+00   6.6658216e-01  -2.6603707e-02  -8.9321236e-01  -9.4300728e-01   8.8953562e-01   3.3430283e-01   2.1320336e+00  -9.7391636e-01  -2.7165962e-01  -1.3039993e-01
   2.0000000e+00  -1.7472927e-01  -1.8476064e+00   1.3505062e+00  -1.2565457e+00   1.1602530e+00  -3.1800143e-01  -5.9927504e-01   2.9847941e+00   8.9695114e-01  -6.8388419e-01
   2.0000000e+00  -1.0747169e+00  -1.0578785e+00  -6.8713640e-01   1.4329686e+00   6.1877744e-01   1.4290655e-01   3.3048687e-02   1.3840582e+00  -6.6523206e-01  -3.9847340e-01
   2.0000000e+00   2.6616561e-01   1.7667181e+00  -2.2415809e-01  -1.6135371e+00  -1.3853035e+00  -4.2301838e-01   1.0058730e-01   1.0367537e-01  -1.4947878e+00  -9.9432418e-01
   2.0000000e+00   2.2603591e-01   2.0022840e-01   6.0743143e-01  -5.3620199e-01   1.6190653e+00   1.1119282e-01  -1.4082902e-01  -1.5213050e+00  -1.1919371e+00  -1.6100434e+00
   2.0000000e+00   7.7294181e-01   6.9712688e-01   8.0220700e-02  -2.4089063e-01   6.1037871e-01  -1.8975899e+00  -1.3942991e+00   7.2262240e-01  -1.0626600e+00   1.0487452e+00
   2.0000000e+00   8.2629568e-02  -7.9367448e-01   5.0083205e-01   6.0458006e-01   1.6148615e+00  -1.5099630e+00  -3.8186699e-01  -1.6399493e+00  -2.0491013e-01  -4.3358912e-01
   2.0000000e+00  -5.4248645e-01   1.2600507e+00   2.8501444e-02  -9.1874947e-01   3.3807101e-01   7.7124696e-01  -1.7578299e+00  -3.1658161e-01   2.5007442e-01   9.8206293e-01
   1.0000000e+00  -6.7893729e-01   5.5268096e-01  -1.8400115e+00   1.1194588e-01  -1.8438972e+00   6.0877290e-01   5.5685242e-01  -4.8473849e-01   2.1706651e-01   1.9379687e-01
   2.0000000e+00  -1.4809905e+00  -3.7153608e-03  -2.4029193e-01   8.7054230e-01   3.7784459e-01   1.3496545e-01  -2.2951248e+00   1.8082835e+00  -7.2016885e-01  -1.3685095e+00
   2.0000000e+00   9.7293494e-01  -3.2083936e-01   5.5812126e-01  -2.4041435e-01   9.5862459e-01   1.3544144e+00  -6.1689063e-01   8.7604744e-01  -1.2715494e+00  -1.8665446e-01
   2.0000000e+00   6.2858443e-02   5.7755385e-01  -1.1094589e+00  -2.2881551e-01  -8.2018859e-01  -1.2583896e+00   8.8964001e-01   3.6952231e-01  -6.9406624e-01  -9.8264197e-01
   1.0000000e+00  -3.2128328e-01  -1.9965894e-02   1.3393488e+00  -1.4051213e+00   1.8556116e+00  -8.3389771e-01   7.2456989e-01  -2.2077523e+00   1.8493958e-01   4.2448812e-02
   1.0000000e+00   4.0979566e-01   1.0289832e+00  -3.9382974e-01   7.5458270e-01   1.0835529e+00   2.3306366e-01  -2.1506443e+00  -1.0854576e+00   4.0457482e-01   5.0022682e-01
   1.0000000e+00   9.3235574e-01  -1.3327516e+00  -1.1064194e-01  -1.5616349e+00   1.9661910e+00   2.8219392e-01   2.2799958e-01  -1.1591654e+00  -5.5300547e-01   4.4020891e-01
   1.0000000e+00   3.2257879e-01  -2.3182907e+00  -4.9137948e-01   2.7657215e-01  -1.8615601e+00   2.8650372e-01  -1.2730825e+00   8.5583178e-01   5.4839600e-01   8.2727789e-01
   2.0000000e+00   8.6413696e-01  -9.0792909e-01  -5.7169159e-01  -1.4799410e+00  -4.2199506e-01   1.5754285e+00   7.2873499e-02   5.0373658e-01  -5.3409412e-01  -7.0049588e-01
   2.0000000e+00  -6.8998219e-01   1.4748067e+00   1.4263967e+00   6.4299559e-01  -9.0562386e-02  -1.8258125e+00   5.8502285e-01  -1.0980574e+00   2.0543176e+00  -3.0311409e-01
   2.0000000e+00  -5.9927370e-01   2.2457418e+00  -5.4991721e-01  -8.2754371e-01  -1.0395868e+00  -1.1562507e+00   4.2075379e-01  -1.1571124e-01  -3.9966135e-01  -6.7991800e-01
   2.0000000e+00  -2.3508280e+00  -2.8496424e-01  -3.5506951e-01  -8.7376584e-02  -1.1740315e+00  -8.0713491e-01   1.4131062e-01   2.0590614e+00   2.2449728e+00   7.9889305e-01
   1.0000000e+00  -2.6540876e-01  -1.9263352e-01  -3.6872693e-01  -6.2878601e-01   1.1269307e+00  -3.9984884e-01  -6.8161282e-01   8.8567591e-01   8.3918288e-01   2.0096274e-01
   2.0000000e+00  -3.6351253e-01   2.0024549e-01  -2.6851626e-01   4.2712360e-01   8.3763494e-01   1.5095316e-01  -5.0618521e-01  -3.5926919e-01   3.9556325e-01  -1.6298539e-01
   2.0000000e+00  -4.3229345e-01  -2.2570573e+00  -1.2758611e+00   4.9716987e-01   1.3525733e-01   8.2246354e-01   1.1148520e+00  -1.8639391e+00   2.3021740e-01  -2.8648762e-01
   2.0000000e+00   1.3287843e+00   8.8261717e-01  -1.3565688e+00  -1.5356732e-01   1.1146029e+00  -2.1294530e+00  -9.3351892e-01  -1.8561973e+00   1.9205927e+00   5.2866270e-01
   1.0000000e+00  -4.0421129e-01  -1.2087633e+00  -1.7094149e+00   8.2469569e-01  -2.8776710e-01  -5.3740172e-01  -4.5425830e-01  -2.2741662e+00   9.6427335e-01   2.9976647e-02
   2.0000000e+00  -3.2719607e-01   1.6968410e+00  -3.1059338e-01  -3.8022968e-01   4.7559931e-01   6.7090067e-01  -7.6027800e-01   3.1463645e-01  -6.2953570e-01  -1.7471813e-01
   2.0000000e+00  -1.7498790e-01   2.7202306e-01   2.1822776e-01   5.5444108e-01  -9.2308090e-01  -2.2069593e+00  -6.3272745e-01  -6.9742528e-01   1.3050762e+00  -5.2503022e-01
   2.0000000e+00  -5.8994029e-01   1.0750244e+00  -1.0467329e+00  -1.0855558e+00  -2.6871087e-01  -4.8206223e-02   2.3853669e+00   5.8855214e-01   6.6258877e-03  -1.2678989e+00
   2.0000000e+00  -1.1210970e+00  -8.7647586e-01  -7.0091740e-01  -6.8879830e-01  -7.4534194e-01   8.9538297e-01  -1.1745799e+00   3.2235974e-01  -7.9218536e-01   6.4954051e-01
   2.0000000e+00   1.2433590e+00  -1.2724810e+00  -5.2632188e-02   2.0446808e-01   7.6602051e-01   6.1009069e-01  -2.5312381e-01   1.5845069e+00  -1.9288415e+00  -1.8313085e+00
   1.0000000e+00  -5.5228391e-01  -1.1533142e+00  -1.2769175e+00  -4.0656732e-01   6.1305692e-02  -2.2670569e-01   1.2157268e-01  -2.1822417e+00  -9.3003551e-01   1.5899391e-01
   2.0000000e+00  -7.3491173e-01  -1.0953674e+00  -4.5215769e-01  -5.8588234e-01  -5.6790580e-01   3.4215525e-01  -6.1966743e-02  -1.2898246e+00  -2.7549163e+00   2.0985164e+00
   2.0000000e+00   5.8895871e-01  -1.9271963e+00   1.0282471e+00   6.3492957e-01   8.1527163e-02   6.1806717e-02   1.5071755e+00   1.6313042e+00  -1.4553315e+00  -8.3396922e-01
   2.0000000e+00   7.1406138e-01  -2.2697362e+00   2.5265550e+00  -1.1378234e-01   1.7751923e+00  -9.1754997e-02   1.4706411e+00   6.1894894e-01  -1.0635610e-01  -4.6042591e-01
   2.0000000e+00  -1.9036443e+00  -8.0070258e-01  -4.8598419e-01  -6.8623265e-01  -2.5253220e-02   5.9720414e-02  -1.1263670e-01  -1.6073480e-01   6.5201443e-01  -9.0942715e-01
   2.0000000e+00  -8.4765206e-01  -5.3458445e-02   4.0716312e-01  -9.4257931e-01  -2.0106098e-01   5.2119872e-01   7.2800211e-01  -1.3425359e+00  -1.2445358e+00  -1.1124038e-01
   2.0000000e+00   1.8424533e-01  -1.3091433e+00   9.4960265e-01  -6.3621804e-01   1.3240737e+00  -3.3979060e-01  -6.5936344e-01  -9.2086427e-01   1.7796060e+00  -4.7981197e-01
   2.0000000e+00   1.1574990e+00   3.2654212e-01  -6.3027192e-01   1.0430164e+00   3.0862650e-01  -7.2750961e-01   3.9932967e-01  -2.1802356e-01   7.2311546e-01  -5.3501928e-01
   1.0000000e+00  -1.3204751e+00  -1.1294022e+00  -1.3545757e+00  -9.1735580e-02  -4.9985847e-02  -8.4321742e-01   7.5313661e-01   3.2003901e-01  -2.4999386e-01   6.6140341e-02
   2.0000000e+00   6.5380306e-02  -4.0104200e-01   1.6072870e-01   3.8601723e-01   8.5024358e-01   1.7805637e-01  -1.1581716e+00   8.9379056e-01   4.0476368e-01  -6.9831346e-02
   2.0000000e+00  -2.1483417e-01  -7.3338913e-01  -1.2721942e+00  -1.1789812e+00   7.9962783e-01  -1.3298923e+00   8.7237691e-01   6.3626336e-01   3.0489203e+00   4.1161295e-01
   2.0000000e+00  -1.2030754e+00  -1.6284664e+00  -5.2861488e-01   2.0828019e+00  -2.4515094e-01   3.6470268e-01   2.7023340e+00   9.7686773e-01  -2.0803862e+00  -6.5557702e-03
   1.0000000e+00   4.2706876e-01  -2.3210320e-01  -1.5884655e+00  -4.0657696e-01  -8.9930986e-01  -9.1630423e-01  -6.3387601e-01  -5.8141704e-01   1.2793203e+00   5.9055026e-02
   2.0000000e+00  -1.8317693e+00  -3.6234052e-01   2.1888647e-01   5.3550694e-01  -3.6947291e-01   2.6356092e+00   1.5991484e+00  -1.9385915e+00  -1.9177628e+00   1.1901518e-01
   2.0000000e+00  -1.2376879e+00  -6.3647396e-03   6.4270052e-01  -1.7136285e+00   7.1417229e-01   1.3992323e+00   9.8187588e-02   5.0717948e-01   3.4327178e-01   8.9979585e-01
   1.0000000e+00   5.2235798e-01   2.1906765e-01   1.0320396e+00  -5.5853419e-01  -1.2780647e+00  -7.7131594e-02   6.3004715e-01  -5.3444920e-01   1.1745075e-01   9.6645293e-01
   1.0000000e+00   8.4426276e-01   5.2626965e-01   1.0382140e-01   3.7851677e-01  -1.5252821e-01  -3.9229571e-01   2.8072988e-01  -1.1515302e+00   7.5758813e-01   7.7802887e-01
   2.0000000e+00   1.4284622e-02   4.4432979e-01   2.3333522e-01  -2.2141360e-01  -4.2982695e-02  -5.7993382e-01  -1.2703355e+00  -1.4239153e+00  -1.6029484e-01   1.9551462e+00
   2.0000000e+00   8.0245879e-02  -1.8655786e+00   1.0485222e-02   5.0556527e-01   2.0360319e+00   1.2301397e+00  -4.3502267e-01  -8.0638155e-01  -1.2209099e+00   3.4101977e-01
   1.0000000e+00  -1.9063536e+00  -3.5236419e-01   2.0591825e-01  -1.8182099e-01  -1.5539860e+00   2.9497209e-01   1.1974686e-01  -1.1413829e+00  -1.1502186e+00   6.8736830e-01
   2.0000000e+00   1.9641581e+00  -8.5900422e-01   5.8714148e-01  -7.9821211e-01  -6.7029808e-01  -1.4477868e+00   7.6287923e-01   3.9989193e-01   6.2013323e-01   5.2895628e-01
   2.0000000e+00   1.0123144e+00   7.1681113e-01  -9.3460414e-01  -2.3382615e-01  -9.7376608e-01  -7.7843559e-01  -3.7849770e-01  -7.5131278e-01  -1.0759458e+00  -5.7267078e-01
   2.0000000e+00  -4.3110746e-03   1.2439499e-01  -8.9752269e-01  -1.7086455e+00   1.6464171e+00  -6.7904637e-01  -3.1089378e-01  -1.3001554e+00  -1.0647981e+00  -1.1797917e+00
   2.0000000e+00  -6.3946892e-01  -2.1004969e+00   1.8274440e+00   7.4283529e-01  -2.4677894e-01  -1.0524794e+00  -2.4003196e-01  -7.0563470e-01   6.6016264e-01  -4.1046984e-01
   2.0000000e+00   2.0757068e+00  -1.7174042e+00   4.1675903e-01  -1.2248530e+00  -4.1605753e-01   1.4554294e+00  -1.3555169e+00   5.5365982e-01   1.4894339e+00   6.3992564e-01
   2.0000000e+00  -8.0905631e-01  -1.0497408e+00  -1.7802150e+00  -6.3637907e-01  -8.1284205e-01  -6.7903356e-01  -4.9608119e-01   2.7956816e+00  -6.1260331e-02   1.4839342e+00
   2.0000000e+00  -2.2241046e+00  -5.4667073e-01   9.7968938e-01  -1.4133790e+00  -6.5004347e-01  -2.5562983e+00   3.4473653e-01  -1.3112767e-01   5.2960849e-01   8.5362998e-01
   2.0000000e+00  -1.6283337e+00  -5.0478575e-01  -4.9227259e-01  -5.5492151e-01  -8.4394586e-01  -7.7116643e-01  -7.1227590e-01  -1.9529401e+00   2.2247407e-01   1.6636460e+00
   2.0000000e+00   1.9022921e-01   2.3783613e-01  -6.3174672e-01   4.3312111e-01   1.6358545e+00  -1.0464299e+00  -1.4084078e+00   4.3114619e-01   1.5361055e+00   2.2517857e-01
